74.9325
74.9989
75.0027
74.9966
74.9999
75.004
75.002
75.0014
75.0022
75.0031
75.0027
75.0042
75.0056
75.0048
75.0037
75.0039
75.003
75.0021
75.0019
75.0016
75.0023
75.002
75.002
75.0027
75.0034
75.0028
75.0028
75.0031
75.0033
75.0031
75.0028
75.0032
75.0036
75.0036
75.0039
75.0037
75.0035
75.0037
75.0034
75.0032
75.0033
75.0038
75.0037
75.0037
75.0035
75.0036
75.0038
75.0032
75.0026
75.0024
75.0022
75.0025
75.0027
75.0026
75.0026
75.0029
75.0034
75.0038
75.0039
75.004
75.0042
75.0044
75.004
75.0039
