150.089
150.075
150.046
150.034
150.034
150.041
150.049
150.047
150.038
150.034
150.032
150.033
150.035
150.031
150.031
150.028
150.023
150.023
150.023
150.02
150.018
150.019
150.017
150.022
150.02
150.021
150.021
150.023
150.025
150.023
150.024
150.022
150.022
150.022
150.022
150.021
150.022
150.023
150.023
150.023
150.023
150.023
150.024
150.023
150.023
150.022
150.021
150.021
150.021
150.022
150.021
150.021
150.022
150.022
150.023
150.022
150.022
150.022
150.022
150.021
150.021
150.021
150.021
150.02
