0.2             21.9175         17.773          
0.22            20.4469         12.7418         
0.24            19.1761         9.13798         
0.26            18.3459         7.28433         
0.28            17.5813         5.68288         
0.3             17.0005         4.31391         
0.32            16.4939         3.09335         
0.34            16.1496         2.33052         
0.36            15.832          1.72408         
0.38            15.5355         1.13374         
0.4             15.3774         0.765886        
0.42            15.2298         0.452747        
0.44            15.12           0.247656        
0.46            15.052          0.100896        
0.48            15.0142         0.0255409       
0.5             15              0               
0.52            15.0141         0.0228954       
0.54            15.0447         0.0900763       
0.56            15.0887         0.192876        
0.58            15.1643         0.330633        
0.6             15.2512         0.498703        
0.62            15.3561         0.697321        
0.64            15.4522         0.939293        
0.66            15.5633         1.18968         
0.68            15.7065         1.44723         
0.7             15.8769         1.76841         
0.72            16.0447         2.07947         
0.74            16.1435         2.4457          
0.76            16.3283         2.7865          
0.78            16.4885         3.12667         
0.8             16.7156         3.49701         
0.82            16.8977         3.98574         
0.84            17.0953         4.37724         
0.86            17.2462         4.80013         
0.88            17.4539         5.35887         
0.9             17.6352         5.81479         
