0.2             2.16592         1.63912         
0.22            2.02558         1.25122         
0.24            1.91607         0.947774        
0.26            1.8328          0.737075        
0.28            1.75927         0.566183        
0.3             1.70207         0.435608        
0.32            1.64974         0.317152        
0.34            1.61617         0.238093        
0.36            1.58359         0.167308        
0.38            1.55687         0.116045        
0.4             1.53751         0.0758059       
0.42            1.52372         0.0465068       
0.44            1.51289         0.0249903       
0.46            1.5052          0.0105226       
0.48            1.50085         0.00246782      
0.5             1.5             0               
0.52            1.5008          0.00233375      
0.54            1.50504         0.00888785      
0.56            1.51007         0.0192494       
0.58            1.51678         0.0332971       
0.6             1.52375         0.050815        
0.62            1.53471         0.0705792       
0.64            1.54557         0.0934833       
0.66            1.55601         0.120033        
0.68            1.57089         0.148183        
0.7             1.5835          0.177938        
0.72            1.60064         0.210398        
0.74            1.61831         0.23975         
0.76            1.63609         0.274592        
0.78            1.64702         0.320209        
0.8             1.66881         0.355813        
0.82            1.68945         0.39497         
0.84            1.70795         0.436216        
0.86            1.72324         0.491648        
0.88            1.74825         0.530937        
0.9             1.76393         0.585165        
