0.2             21.7139         16.694          
0.22            20.3651         12.6585         
0.24            19.2345         9.62514         
0.26            18.3033         7.32242         
0.28            17.5922         5.65045         
0.3             17.0034         4.27998         
0.32            16.5325         3.2059          
0.34            16.123          2.32339         
0.36            15.8106         1.68796         
0.38            15.572          1.15327         
0.4             15.3821         0.768038        
0.42            15.225          0.461894        
0.44            15.1209         0.24443         
0.46            15.0514         0.105521        
0.48            15.0122         0.025069        
0.5             15              0               
0.52            15.0112         0.0230281       
0.54            15.0437         0.0888327       
0.56            15.0968         0.193231        
0.58            15.1659         0.331033        
0.6             15.2487         0.502839        
0.62            15.3458         0.705046        
0.64            15.4553         0.938998        
0.66            15.5783         1.19064         
0.68            15.7202         1.46458         
0.7             15.8615         1.77075         
0.72            16.0026         2.08727         
0.74            16.1732         2.42978         
0.76            16.327          2.81951         
0.78            16.5044         3.16874         
0.8             16.7005         3.55551         
0.82            16.8829         3.98476         
0.84            17.0728         4.40901         
0.86            17.2425         4.8637          
0.88            17.4659         5.31646         
0.9             17.6732         5.81506         
