0.2             2.1929          1.72211         
0.22            2.01382         1.22794         
0.24            1.95023         1.0017          
0.26            1.81678         0.760602        
0.28            1.76756         0.574023        
0.3             1.70193         0.425201        
0.32            1.65544         0.323323        
0.34            1.60719         0.230932        
0.36            1.57411         0.161896        
0.38            1.5601          0.112761        
0.4             1.54211         0.0780056       
0.42            1.52378         0.0457429       
0.44            1.51569         0.0256883       
0.46            1.50715         0.0105604       
0.48            1.50138         0.00243483      
0.5             1.5             0               
0.52            1.50209         0.00227517      
0.54            1.50578         0.00863007      
0.56            1.50714         0.0204871       
0.58            1.51651         0.0343115       
0.6             1.51908         0.0543416       
0.62            1.52922         0.0730965       
0.64            1.54919         0.0887667       
0.66            1.55558         0.117545        
0.68            1.58203         0.138307        
0.7             1.57512         0.178867        
0.72            1.59889         0.208752        
0.74            1.61635         0.24274         
0.76            1.62731         0.285425        
0.78            1.6509          0.313639        
0.8             1.66248         0.368699        
0.82            1.69041         0.389457        
0.84            1.69854         0.441512        
0.86            1.721           0.488471        
0.88            1.7449          0.521877        
0.9             1.76954         0.577709        
