0.2             1087.65         831.764         
0.22            1017.55         624.365         
0.24            961.239         484.139         
0.26            916.361         366.749         
0.28            879.673         281.598         
0.3             850.021         212.043         
0.32            825.903         161.137         
0.34            806.551         116.14          
0.36            790.896         83.8872         
0.38            778.406         57.9876         
0.4             768.755         38.1213         
0.42            761.464         23.1775         
0.44            756.115         12.38           
0.46            752.609         5.18626         
0.48            750.624         1.24626         
0.5             750             0               
0.52            750.581         1.16179         
0.54            752.227         4.44681         
0.56            754.816         9.7393          
0.58            758.264         16.5772         
0.6             762.51          25.3422         
0.62            767.44          34.9742         
0.64            772.966         46.5762         
0.66            779.084         59.4518         
0.68            785.74          72.7174         
0.7             792.855         87.7912         
0.72            800.379         104.035         
0.74            808.407         121.176         
0.76            816.699         139.861         
0.78            825.326         157.573         
0.8             834.301         179.384         
0.82            843.667         199.832         
0.84            853.197         221.344         
0.86            862.925         244.018         
0.88            873.059         266.759         
0.9             883.422         291.468         
