0.2             217.65          168.208         
0.22            203.574         127.535         
0.24            192.378         95.9796         
0.26            183.504         72.4495         
0.28            175.852         56.5276         
0.3             170.028         42.2464         
0.32            165.141         31.856          
0.34            161.219         24.1945         
0.36            158.234         16.6516         
0.38            155.687         11.9304         
0.4             153.723         7.89968         
0.42            152.364         4.61795         
0.44            151.226         2.47632         
0.46            150.515         1.04718         
0.48            150.125         0.248586        
0.5             150             0               
0.52            150.115         0.235233        
0.54            150.455         0.90325         
0.56            150.965         1.90918         
0.58            151.653         3.30358         
0.6             152.465         4.9847          
0.62            153.491         7.17003         
0.64            154.588         9.46587         
0.66            155.874         11.7592         
0.68            157.108         14.7824         
0.7             158.619         17.8851         
0.72            160.105         20.5863         
0.74            161.725         24.7758         
0.76            163.35          27.5355         
0.78            165.14          32.3195         
0.8             166.918         35.8778         
0.82            168.631         39.9072         
0.84            170.619         44.0434         
0.86            172.713         47.9723         
0.88            174.566         53.7737         
0.9             176.656         57.8217         
