0.2             217.552         167.399         
0.22            203.471         124.352         
0.24            192.179         95.9785         
0.26            183.277         73.5152         
0.28            176.006         56.505          
0.3             169.998         43.1678         
0.32            165.19          32.1185         
0.34            161.281         23.4351         
0.36            158.16          16.8243         
0.38            155.694         11.6485         
0.4             153.749         7.55195         
0.42            152.27          4.61425         
0.44            151.231         2.47072         
0.46            150.524         1.0448          
0.48            150.125         0.251543        
0.5             150             0               
0.52            150.116         0.231808        
0.54            150.436         0.892558        
0.56            150.964         1.93572         
0.58            151.653         3.32084         
0.6             152.49          4.99431         
0.62            153.458         7.0389          
0.64            154.598         9.33369         
0.66            155.82          11.746          
0.68            157.176         14.5807         
0.7             158.576         17.6385         
0.72            160.086         20.8941         
0.74            161.657         24.3261         
0.76            163.354         27.6992         
0.78            165.075         31.6527         
0.8             166.851         35.7015         
0.82            168.772         39.6983         
0.84            170.667         44.1606         
0.86            172.59          48.4269         
0.88            174.609         53.0299         
0.9             176.686         58.4781         
