0.2             1087.44         819.277         
0.22            1016.68         615.852         
0.24            962.038         469.346         
0.26            916.637         364.361         
0.28            879.235         284.514         
0.3             849.937         217.345         
0.32            826.043         157.58          
0.34            806.24          116.719         
0.36            790.833         83.5865         
0.38            778.362         58.3379         
0.4             768.696         39.2802         
0.42            761.376         23.4275         
0.44            756.147         12.4254         
0.46            752.585         5.28358         
0.48            750.612         1.27967         
0.5             750             0               
0.52            750.576         1.15212         
0.54            752.169         4.44099         
0.56            754.79          9.67029         
0.58            758.244         17.0106         
0.6             762.553         25.3341         
0.62            767.504         35.4876         
0.64            773.035         45.9756         
0.66            779.104         60.7236         
0.68            785.724         73.1573         
0.7             792.932         87.7956         
0.72            800.478         103.645         
0.74            808.545         121.861         
0.76            816.709         141.75          
0.78            825.33          158.924         
0.8             834.692         175.85          
0.82            843.677         197.778         
0.84            853.323         217.302         
0.86            862.979         243.116         
0.88            872.949         272.613         
0.9             883.492         290.557         
